159.925456817
139.594663719
163.865367414
134.215496195
119.850916563
134.059343448
111.12772322
101.552318891
95.9440782331
100.472507911
97.5630581342
107.935430731
102.629183594
101.720256752
100.11895452
100.00110339
92.9005727958
95.6789131902
97.0386206048
95.8129688508
97.2153973001
98.1405286722
98.9684328618
99.6784859213
100.244171346
100.621294963
100.892352562
101.237067118
101.558211448
101.764450926
101.905872282
101.944173899
101.157517605
101.251798509
101.325455466
101.331348022
101.35197197
101.334294301
101.298938961
101.331348022
101.346079414
101.313670353
101.334294301
101.363757083
101.354918248
101.275368735
101.21644317
101.181087831
101.133947379
101.133947379
101.092699484
101.03082764
92.4925132575
92.4836744227
92.4306414141
92.4218025793
92.3746621273
92.3216291187
92.2951126144
92.2862737796
92.2862737796
92.2627035536
92.2538647188
92.2509184405
92.2479721623
92.233240771
92.233240771
92.1919928755
92.1360135886
92.937401274
92.9079384914
92.8961533784
92.8873145436
92.8873145436
92.8814219871
92.8814219871
92.8814219871
92.8843682654
92.8902608219
92.8843682654
92.8843682654
92.8843682654
92.8843682654
92.8843682654
92.8814219871
92.8814219871
92.8814219871
92.8814219871
92.8814219871
92.8814219871
92.8843682654
92.8843682654
92.8843682654
92.8843682654
92.8843682654
92.8843682654
92.8843682654
92.8666905958
92.9344549957
92.9668640565
92.9904342825
92.9904342825
92.984541726
92.9815954478
92.9933805608
92.9904342825
92.9668640565
92.9668640565
92.9757028913
92.9786491695
92.9786491695
92.9757028913
92.9698103348
92.9698103348
92.9698103348
92.9698103348
92.9698103348
92.9698103348
92.9698103348
92.9698103348
92.9698103348
92.9639177782
92.9639177782
92.9698103348
92.9698103348
92.9698103348
92.9698103348
92.9698103348
92.9698103348
92.9698103348
92.9698103348
92.9639177782
92.9639177782
92.9698103348
92.9698103348
92.9698103348
92.9698103348
92.9698103348
92.9698103348
92.9698103348
92.9698103348
92.9698103348
92.9698103348
92.9698103348
92.9698103348
92.9521326652
92.9344549957
92.9403475522
92.9285624392
92.9285624392
