160.520605025
194.83664443
157.959552652
152.886061497
106.948427515
115.648787202
96.0648756416
109.888813214
111.061431959
110.26740997
115.14644676
134.366492956
131.180093023
128.208771403
125.066565644
121.709281573
119.112137291
123.883634925
121.787357946
132.391013386
130.891357754
140.20159704
128.12922189
137.751766671
138.366065687
138.853674738
139.18807732
139.282358224
136.645439186
136.548212004
136.449511682
136.308090326
136.119528518
135.751243736
135.42273371
135.424206849
135.511122058
117.56092179
117.585965155
117.563868068
117.574180042
117.522620172
117.56092179
103.797382922
103.803275478
103.785597809
117.52703959
117.479899138
117.443070659
117.42539299
