170.466503844
123.695073116
100.559423119
105.036292928
98.6870632885
79.6526326224
104.245217216
92.5838478834
92.0653029105
88.9451942385
89.7230116978
82.363208617
97.977010229
86.2758661395
85.2476150285
76.8433563063
75.3820022919
74.3228152592
74.1666625117
74.1106832249
69.4879726429
69.4923920602
69.455563582
69.4025305735
69.3701215127
69.3553901214
69.3598095388
69.3480244257
69.3318198953
69.305303391
69.2640554955
69.2375389912
69.2198613217
69.2095493478
69.1918716782
69.177140287
69.1476775044
69.119687861
69.0769668263
69.026880096
68.957642557
68.8854587397
68.8324257311
68.7543493574
68.7086820444
68.635025088
68.5937771925
68.5672606882
68.5377979056
68.4656140884
