184.00962427
111.828753302
116.073603698
110.106653662
98.1683341732
109.767463378
106.324737237
92.3144475654
99.2715312373
84.7662668186
78.9853005977
75.8298365866
78.5838701854
79.128195093
78.4943769834
79.0309679106
82.6320565077
86.192265494
81.5353044273
78.292556923
77.9570494867
78.3802087011
79.7273944331
70.8329486662
75.9318514712
69.7785493357
69.6695370403
66.2757927754
69.5454250688
68.5414807535
68.5444270317
68.0420865892
73.7924851733
67.1699882258
67.6318173422
68.3949034103
68.4332050276
68.3573383625
68.5083351231
68.501705997
66.4923442271
66.0739727149
64.5389617441
64.6008335875
74.7330845062
74.7507621757
75.054228836
57.517244093
57.4951470061
62.4213242484
